# 1D hohlraum problem 2021/03/19 10:14:55
x 2.000000e-01
t 4.000000e-01
N 512
# theta phi I
2.400380e+00 1.140197e+00 0.000000e+00 
8.548102e-01 5.197301e+00 1.000000e+00 
2.294796e+00 3.103526e+00 0.000000e+00 
1.463617e+00 3.798838e+00 0.000000e+00 
2.882304e+00 6.872970e-01 0.000000e+00 
2.269027e+00 1.199815e+00 0.000000e+00 
1.977925e+00 4.089620e+00 0.000000e+00 
9.530011e-01 2.912378e+00 1.000000e+00 
1.481757e+00 5.000890e+00 0.000000e+00 
1.562659e+00 4.023230e+00 0.000000e+00 
2.523332e+00 6.133945e+00 0.000000e+00 
2.169454e+00 6.085053e+00 0.000000e+00 
1.887806e+00 3.130174e+00 0.000000e+00 
2.097580e+00 1.580765e+00 0.000000e+00 
1.937948e-01 4.309690e-01 1.000000e+00 
2.210903e+00 1.130376e+00 0.000000e+00 
1.675233e+00 4.616301e+00 0.000000e+00 
1.247018e+00 1.711304e+00 0.000000e+00 
2.618350e+00 4.013237e+00 0.000000e+00 
1.167666e+00 1.927450e+00 0.000000e+00 
2.194640e+00 3.708729e+00 0.000000e+00 
1.926315e+00 5.282957e-01 0.000000e+00 
3.865655e-01 4.258543e+00 1.000000e+00 
3.770771e-01 4.326990e+00 1.000000e+00 
1.137358e+00 1.013199e+00 0.000000e+00 
2.582950e+00 3.205489e+00 0.000000e+00 
1.639287e+00 2.966309e+00 0.000000e+00 
9.945207e-01 1.080525e+00 1.000000e+00 
1.709924e+00 8.835890e-01 0.000000e+00 
1.390898e+00 3.990753e+00 0.000000e+00 
1.697465e+00 1.929059e+00 0.000000e+00 
1.608243e+00 2.452813e+00 0.000000e+00 
1.645383e+00 2.450774e+00 0.000000e+00 
1.064231e+00 1.408976e+00 0.000000e+00 
1.394417e+00 1.052979e+00 0.000000e+00 
2.064194e+00 3.438543e-01 0.000000e+00 
2.420779e+00 5.223938e-01 0.000000e+00 
2.141453e+00 6.167353e+00 0.000000e+00 
1.830969e+00 3.532389e+00 0.000000e+00 
1.918210e+00 3.448185e+00 0.000000e+00 
2.210345e+00 6.283163e+00 0.000000e+00 
9.481674e-01 2.834047e+00 1.000000e+00 
1.403601e+00 3.748190e+00 0.000000e+00 
1.672178e+00 5.164895e+00 0.000000e+00 
2.425840e+00 5.444113e+00 0.000000e+00 
2.468835e+00 4.727494e+00 0.000000e+00 
1.346000e+00 1.629333e-01 0.000000e+00 
1.639877e-01 4.019809e+00 1.000000e+00 
1.716035e+00 5.872000e-01 0.000000e+00 
5.020592e-01 3.887138e+00 1.000000e+00 
9.839796e-01 4.662278e+00 1.000000e+00 
4.153925e-01 3.107779e+00 1.000000e+00 
2.265004e+00 2.226319e+00 0.000000e+00 
6.471288e-01 4.769277e-01 1.000000e+00 
1.599487e+00 4.712277e+00 0.000000e+00 
7.091799e-01 3.314867e+00 1.000000e+00 
2.800481e+00 5.693765e+00 0.000000e+00 
1.330717e+00 4.119075e+00 0.000000e+00 
1.085761e+00 3.184584e+00 0.000000e+00 
9.940586e-01 3.752541e+00 1.000000e+00 
7.558101e-01 3.532862e+00 1.000000e+00 
1.867009e+00 5.629986e+00 0.000000e+00 
1.629238e+00 4.706962e+00 0.000000e+00 
2.057237e+00 4.318168e+00 0.000000e+00 
2.058853e+00 1.480295e+00 0.000000e+00 
9.745593e-01 3.711062e+00 1.000000e+00 
1.876568e+00 3.421608e+00 0.000000e+00 
2.033976e+00 3.316808e+00 0.000000e+00 
4.467037e-01 1.647632e+00 1.000000e+00 
9.365093e-01 4.073348e+00 1.000000e+00 
2.920880e+00 4.458869e-03 0.000000e+00 
2.514970e+00 1.466740e+00 0.000000e+00 
2.455538e+00 5.455818e-02 0.000000e+00 
1.146158e+00 1.100507e-01 0.000000e+00 
1.857243e+00 2.397580e+00 0.000000e+00 
4.623206e-01 3.021834e+00 1.000000e+00 
1.396375e+00 1.093888e+00 0.000000e+00 
5.598035e-01 4.369398e+00 1.000000e+00 
1.468429e+00 2.966183e+00 0.000000e+00 
2.629391e+00 1.529326e+00 0.000000e+00 
1.312816e+00 5.212441e+00 0.000000e+00 
2.423539e+00 1.550316e+00 0.000000e+00 
2.275578e+00 4.888591e+00 0.000000e+00 
1.109626e+00 5.398355e+00 0.000000e+00 
1.895874e+00 4.437188e-01 0.000000e+00 
1.905505e+00 3.820712e+00 0.000000e+00 
1.775118e+00 2.921087e+00 0.000000e+00 
2.494794e+00 3.690646e+00 0.000000e+00 
2.673894e+00 9.934200e-01 0.000000e+00 
2.872621e+00 3.922231e+00 0.000000e+00 
1.625833e+00 3.075048e+00 0.000000e+00 
2.258531e+00 2.709143e+00 0.000000e+00 
5.269709e-01 2.520117e+00 1.000000e+00 
6.035490e-01 5.086608e+00 1.000000e+00 
9.054235e-01 6.180000e+00 1.000000e+00 
6.701440e-01 6.031017e+00 1.000000e+00 
2.733398e+00 2.648186e+00 0.000000e+00 
2.277218e+00 9.758629e-01 0.000000e+00 
1.775641e+00 2.610140e+00 0.000000e+00 
1.411110e+00 3.810312e-01 0.000000e+00 
4.450843e-01 1.350168e+00 1.000000e+00 
2.214144e+00 5.320152e+00 0.000000e+00 
1.850296e+00 5.644130e+00 0.000000e+00 
2.334779e+00 4.352375e-01 0.000000e+00 
6.252698e-01 1.847301e+00 1.000000e+00 
2.479632e+00 1.831566e+00 0.000000e+00 
2.198114e+00 1.698120e+00 0.000000e+00 
1.082290e+00 1.682066e+00 0.000000e+00 
4.604173e-01 7.206734e-01 1.000000e+00 
7.079886e-01 2.283522e+00 1.000000e+00 
2.742951e+00 3.595801e+00 0.000000e+00 
1.851820e+00 5.292023e+00 0.000000e+00 
1.252218e+00 4.297845e-01 0.000000e+00 
1.316257e+00 3.257417e+00 0.000000e+00 
1.861105e+00 5.687688e+00 0.000000e+00 
1.366886e+00 1.574116e+00 0.000000e+00 
2.238083e+00 4.503421e+00 0.000000e+00 
2.463694e+00 2.962419e+00 0.000000e+00 
2.834769e+00 5.039664e+00 0.000000e+00 
1.389847e+00 3.735032e+00 0.000000e+00 
2.262271e+00 5.733286e+00 0.000000e+00 
1.950129e+00 3.482831e+00 0.000000e+00 
1.476879e+00 3.046333e+00 0.000000e+00 
2.934314e+00 1.482023e-01 0.000000e+00 
1.029147e+00 1.863163e+00 1.000000e+00 
4.860851e-01 1.227069e+00 1.000000e+00 
8.764593e-01 3.495656e+00 1.000000e+00 
1.192238e+00 5.537162e+00 0.000000e+00 
1.653697e+00 3.696759e+00 0.000000e+00 
6.247609e-01 4.549182e+00 1.000000e+00 
4.169350e-01 5.106140e+00 1.000000e+00 
1.514748e+00 3.557936e+00 0.000000e+00 
1.196229e+00 6.514279e-01 0.000000e+00 
1.696452e+00 5.909076e+00 0.000000e+00 
1.994659e+00 4.926222e+00 0.000000e+00 
8.743143e-01 4.513080e+00 1.000000e+00 
1.834110e+00 1.371210e+00 0.000000e+00 
8.775558e-01 2.747797e+00 1.000000e+00 
2.251433e+00 1.645601e+00 0.000000e+00 
2.426086e+00 5.111787e+00 0.000000e+00 
1.291889e+00 4.353078e+00 0.000000e+00 
1.701615e+00 1.550294e+00 0.000000e+00 
1.495209e+00 1.774202e+00 0.000000e+00 
1.647869e+00 2.648342e+00 0.000000e+00 
3.211613e-01 3.306525e+00 1.000000e+00 
1.299870e+00 3.029789e-01 0.000000e+00 
8.738450e-01 3.128151e+00 1.000000e+00 
3.462236e-01 5.583842e+00 1.000000e+00 
7.086217e-01 6.279927e+00 1.000000e+00 
2.660756e-01 5.520361e+00 1.000000e+00 
2.425339e+00 2.153131e+00 0.000000e+00 
4.924767e-01 8.737534e-01 1.000000e+00 
8.686430e-01 1.441430e+00 1.000000e+00 
1.764977e+00 2.555530e+00 0.000000e+00 
2.892991e+00 2.346765e+00 0.000000e+00 
1.736873e+00 7.655824e-02 0.000000e+00 
1.625632e+00 3.143407e+00 0.000000e+00 
2.495684e+00 4.691078e+00 0.000000e+00 
2.724786e+00 5.857126e+00 0.000000e+00 
1.057071e+00 7.474919e-01 0.000000e+00 
3.497131e-01 5.870505e-01 1.000000e+00 
1.697483e+00 3.294934e+00 0.000000e+00 
1.703093e+00 5.497237e+00 0.000000e+00 
1.735517e+00 4.527543e+00 0.000000e+00 
1.575205e+00 4.018831e+00 0.000000e+00 
2.223210e+00 3.696628e+00 0.000000e+00 
9.940476e-01 5.557576e-01 1.000000e+00 
2.129428e+00 9.740926e-01 0.000000e+00 
5.947329e-01 6.192710e+00 1.000000e+00 
2.232544e+00 2.929881e+00 0.000000e+00 
2.565976e+00 5.145202e+00 0.000000e+00 
1.721856e+00 2.025776e+00 0.000000e+00 
8.077563e-01 4.745946e+00 1.000000e+00 
1.520333e+00 1.772008e+00 0.000000e+00 
1.162831e+00 2.557399e+00 0.000000e+00 
9.775858e-01 1.108378e+00 1.000000e+00 
1.925298e+00 1.710631e+00 0.000000e+00 
1.206357e+00 1.342346e+00 0.000000e+00 
2.068252e+00 1.928122e-01 0.000000e+00 
5.776497e-01 4.565714e+00 1.000000e+00 
1.075981e+00 2.053912e+00 0.000000e+00 
2.136146e+00 4.051756e+00 0.000000e+00 
1.155553e+00 2.587961e+00 0.000000e+00 
2.777286e+00 5.909923e+00 0.000000e+00 
2.584045e-01 3.074306e+00 1.000000e+00 
8.198513e-01 1.165919e+00 1.000000e+00 
1.295550e+00 7.552115e-02 0.000000e+00 
1.551728e+00 4.630872e+00 0.000000e+00 
1.491073e+00 1.182559e-01 0.000000e+00 
1.346654e+00 3.629406e+00 0.000000e+00 
8.292022e-01 3.140191e+00 1.000000e+00 
2.070537e+00 6.037276e+00 0.000000e+00 
8.285027e-01 4.833035e+00 1.000000e+00 
8.146791e-01 4.365483e+00 1.000000e+00 
2.703485e+00 3.076360e+00 0.000000e+00 
2.440284e+00 1.789470e+00 0.000000e+00 
7.223444e-01 5.362898e+00 1.000000e+00 
1.171366e+00 1.477388e+00 0.000000e+00 
5.004801e-01 3.259386e+00 1.000000e+00 
1.709464e+00 3.380782e+00 0.000000e+00 
1.721014e+00 2.285763e+00 0.000000e+00 
1.142548e+00 4.087125e+00 0.000000e+00 
9.200135e-01 4.987139e+00 1.000000e+00 
1.807893e+00 5.427686e+00 0.000000e+00 
2.996766e+00 6.610920e-01 0.000000e+00 
6.331802e-01 1.796564e+00 1.000000e+00 
1.038011e-01 5.087416e+00 1.000000e+00 
2.106986e+00 3.576506e+00 0.000000e+00 
2.991117e+00 4.204053e+00 0.000000e+00 
2.229457e+00 1.327640e+00 0.000000e+00 
2.135578e+00 2.267945e+00 0.000000e+00 
1.796031e+00 5.507325e+00 0.000000e+00 
2.712505e+00 2.459667e+00 0.000000e+00 
1.398944e+00 3.988098e+00 0.000000e+00 
1.774703e+00 4.887023e+00 0.000000e+00 
2.208001e+00 5.428809e+00 0.000000e+00 
1.471685e+00 3.777101e+00 0.000000e+00 
1.633381e+00 3.778277e+00 0.000000e+00 
3.513504e-01 1.909287e+00 1.000000e+00 
4.374364e-01 2.499653e+00 1.000000e+00 
2.913742e+00 3.111857e+00 0.000000e+00 
1.156897e+00 5.084011e+00 0.000000e+00 
1.951636e+00 4.354484e+00 0.000000e+00 
3.353812e-01 3.517352e+00 1.000000e+00 
1.613595e+00 2.979520e+00 0.000000e+00 
1.402732e+00 1.559555e+00 0.000000e+00 
1.043489e+00 5.184908e+00 1.000000e+00 
5.419331e-01 1.979503e-01 1.000000e+00 
1.852755e+00 5.417913e+00 0.000000e+00 
7.386584e-01 6.198355e-02 1.000000e+00 
8.080251e-01 3.994056e+00 1.000000e+00 
2.258988e+00 1.439457e+00 0.000000e+00 
6.061649e-01 1.330400e+00 1.000000e+00 
1.374300e+00 2.369935e+00 0.000000e+00 
9.478435e-01 2.323399e+00 1.000000e+00 
1.558706e+00 1.663432e+00 0.000000e+00 
1.669466e+00 9.697459e-01 0.000000e+00 
4.388385e-01 2.013348e+00 1.000000e+00 
2.252414e+00 4.895305e+00 0.000000e+00 
2.531347e+00 3.519948e+00 0.000000e+00 
2.416798e+00 3.706106e+00 0.000000e+00 
1.278107e+00 1.598712e+00 0.000000e+00 
9.854757e-01 6.157028e+00 1.000000e+00 
5.189244e-01 3.904459e+00 1.000000e+00 
2.095052e+00 5.411679e+00 0.000000e+00 
2.434593e+00 4.137458e+00 0.000000e+00 
2.299671e+00 3.028533e+00 0.000000e+00 
2.019209e+00 5.976503e-01 0.000000e+00 
1.000058e+00 3.121449e+00 1.000000e+00 
2.946861e+00 5.373228e+00 0.000000e+00 
1.253764e+00 8.522270e-01 0.000000e+00 
2.691747e+00 9.750172e-01 0.000000e+00 
1.129153e+00 5.837859e+00 0.000000e+00 
2.729982e+00 3.385231e-01 0.000000e+00 
2.329872e+00 2.275815e+00 0.000000e+00 
2.662145e-01 8.346074e-01 1.000000e+00 
2.524553e+00 2.243896e+00 0.000000e+00 
1.722709e+00 8.263494e-01 0.000000e+00 
2.131620e+00 1.317580e+00 0.000000e+00 
2.281752e+00 3.021429e+00 0.000000e+00 
1.936128e+00 4.008875e-01 0.000000e+00 
7.875136e-01 4.085241e+00 1.000000e+00 
1.109842e+00 5.722797e+00 0.000000e+00 
1.949807e+00 2.330102e+00 0.000000e+00 
1.270485e+00 2.857907e+00 0.000000e+00 
3.997301e-01 5.151802e+00 1.000000e+00 
1.505016e+00 1.939823e+00 0.000000e+00 
2.146624e+00 4.091698e+00 0.000000e+00 
1.883566e+00 1.402236e+00 0.000000e+00 
1.565996e+00 3.302173e+00 0.000000e+00 
9.206732e-01 1.544765e+00 1.000000e+00 
1.448225e+00 5.699560e+00 0.000000e+00 
1.287418e+00 3.244393e+00 0.000000e+00 
1.025443e+00 5.362101e+00 1.000000e+00 
3.091847e+00 4.715927e+00 0.000000e+00 
1.043988e+00 5.024798e+00 1.000000e+00 
1.121298e+00 3.772682e+00 0.000000e+00 
2.647133e+00 7.312992e-01 0.000000e+00 
2.541416e+00 2.533172e+00 0.000000e+00 
2.542347e+00 6.176639e+00 0.000000e+00 
1.661940e+00 3.890496e+00 0.000000e+00 
1.466567e+00 2.163488e+00 0.000000e+00 
1.891065e+00 2.053030e+00 0.000000e+00 
1.943743e+00 2.353130e+00 0.000000e+00 
1.167108e+00 6.273129e+00 0.000000e+00 
2.202022e+00 3.302743e+00 0.000000e+00 
6.732045e-01 4.371949e+00 1.000000e+00 
8.418658e-01 3.462402e+00 1.000000e+00 
1.667903e+00 2.015406e+00 0.000000e+00 
1.101185e+00 5.995176e+00 0.000000e+00 
1.307932e+00 1.200057e+00 0.000000e+00 
2.143044e+00 2.797106e-02 0.000000e+00 
2.107827e+00 2.766291e+00 0.000000e+00 
1.913581e+00 6.029333e+00 0.000000e+00 
5.707979e-01 1.378071e-01 1.000000e+00 
1.196915e+00 4.659596e-01 0.000000e+00 
2.448610e-01 5.301492e+00 1.000000e+00 
1.168546e+00 4.721068e+00 0.000000e+00 
1.807887e+00 3.253216e+00 0.000000e+00 
2.958303e+00 4.307092e+00 0.000000e+00 
1.187750e+00 9.316482e-01 0.000000e+00 
7.706040e-01 6.057925e+00 1.000000e+00 
1.222861e+00 1.224840e+00 0.000000e+00 
1.893603e+00 3.629792e+00 0.000000e+00 
1.987775e+00 6.208753e+00 0.000000e+00 
2.110365e+00 3.291911e+00 0.000000e+00 
2.891041e+00 3.076079e+00 0.000000e+00 
1.541385e+00 4.242498e-01 0.000000e+00 
1.514942e+00 2.168780e+00 0.000000e+00 
2.425124e+00 1.631571e+00 0.000000e+00 
1.938071e+00 8.853415e-01 0.000000e+00 
2.622906e+00 4.893668e+00 0.000000e+00 
2.193629e+00 3.827554e+00 0.000000e+00 
1.584886e+00 4.768120e+00 0.000000e+00 
6.503003e-01 3.129975e+00 1.000000e+00 
1.186774e+00 2.881457e+00 0.000000e+00 
2.537520e+00 4.521616e-01 0.000000e+00 
1.596310e+00 5.714364e+00 0.000000e+00 
1.401020e+00 6.755568e-01 0.000000e+00 
5.415374e-01 4.393741e+00 1.000000e+00 
8.393246e-01 5.859826e+00 1.000000e+00 
1.919274e+00 5.949901e+00 0.000000e+00 
2.302878e+00 1.165455e+00 0.000000e+00 
2.161279e+00 3.031957e+00 0.000000e+00 
1.092199e+00 5.776061e+00 0.000000e+00 
1.951018e-01 5.335126e+00 1.000000e+00 
3.103825e+00 3.224878e+00 0.000000e+00 
2.239562e+00 1.007177e+00 0.000000e+00 
2.797507e+00 5.623381e+00 0.000000e+00 
1.766204e+00 3.895486e+00 0.000000e+00 
1.622035e+00 4.082063e+00 0.000000e+00 
8.661031e-01 2.020462e+00 1.000000e+00 
8.722739e-01 6.561688e-01 1.000000e+00 
1.424796e+00 2.588912e+00 0.000000e+00 
1.392641e+00 9.405552e-01 0.000000e+00 
4.561635e-01 3.700465e+00 1.000000e+00 
1.674894e+00 2.288719e+00 0.000000e+00 
1.629135e+00 2.490824e+00 0.000000e+00 
7.026288e-01 3.207681e+00 1.000000e+00 
2.636649e+00 2.199493e+00 0.000000e+00 
1.590171e+00 4.269780e+00 0.000000e+00 
8.820123e-01 5.939141e+00 1.000000e+00 
1.237713e+00 1.399136e+00 0.000000e+00 
4.139742e-01 4.681028e+00 1.000000e+00 
2.288386e+00 2.296692e+00 0.000000e+00 
1.520775e+00 2.107607e+00 0.000000e+00 
2.154655e+00 5.750631e+00 0.000000e+00 
1.666631e+00 8.806257e-01 0.000000e+00 
8.502203e-01 4.589011e+00 1.000000e+00 
1.601914e+00 2.836529e+00 0.000000e+00 
1.049541e+00 2.807396e+00 0.000000e+00 
7.259927e-01 1.307539e+00 1.000000e+00 
1.273162e+00 1.940756e+00 0.000000e+00 
2.194083e+00 3.543007e+00 0.000000e+00 
2.197663e+00 2.381214e+00 0.000000e+00 
2.962515e+00 2.406160e+00 0.000000e+00 
4.690552e-01 1.191219e+00 1.000000e+00 
2.014051e+00 1.078960e+00 0.000000e+00 
1.840054e+00 6.111864e+00 0.000000e+00 
7.278969e-01 2.638115e+00 1.000000e+00 
2.581355e+00 4.995598e+00 0.000000e+00 
1.263202e+00 5.412985e+00 0.000000e+00 
1.626521e+00 3.831121e+00 0.000000e+00 
1.243146e+00 2.513547e+00 0.000000e+00 
2.399946e+00 1.243742e+00 0.000000e+00 
2.488029e-01 5.573773e+00 1.000000e+00 
9.733176e-01 1.784553e+00 1.000000e+00 
1.448396e+00 5.732327e+00 0.000000e+00 
6.259725e-01 9.601294e-01 1.000000e+00 
2.489098e+00 3.717903e+00 0.000000e+00 
1.279015e+00 4.410017e+00 0.000000e+00 
1.920649e+00 2.996319e+00 0.000000e+00 
1.860393e+00 3.808623e+00 0.000000e+00 
1.584244e+00 1.852823e+00 0.000000e+00 
8.613200e-01 8.856922e-01 1.000000e+00 
6.405012e-01 2.566611e+00 1.000000e+00 
1.101635e+00 3.754857e-01 0.000000e+00 
7.431195e-01 5.189196e+00 1.000000e+00 
2.552115e+00 3.650241e+00 0.000000e+00 
2.703615e+00 3.351098e+00 0.000000e+00 
2.481031e+00 4.829700e+00 0.000000e+00 
1.748879e+00 1.195209e+00 0.000000e+00 
1.956069e+00 2.192912e+00 0.000000e+00 
1.634537e+00 5.477072e+00 0.000000e+00 
2.683309e+00 1.643402e+00 0.000000e+00 
1.944516e+00 6.198638e+00 0.000000e+00 
7.002596e-01 3.739203e+00 1.000000e+00 
1.078094e+00 2.939011e+00 0.000000e+00 
1.363005e+00 4.809896e+00 0.000000e+00 
6.522007e-01 3.494255e+00 1.000000e+00 
5.790915e-01 3.510068e+00 1.000000e+00 
1.485976e+00 2.591585e-01 0.000000e+00 
2.157133e+00 6.059011e+00 0.000000e+00 
8.652100e-01 5.178036e+00 1.000000e+00 
9.864644e-01 2.528409e+00 1.000000e+00 
2.673755e+00 1.973254e+00 0.000000e+00 
1.825568e+00 3.611945e+00 0.000000e+00 
1.846253e+00 5.682280e+00 0.000000e+00 
2.515661e+00 5.943085e+00 0.000000e+00 
9.993246e-01 5.505056e+00 1.000000e+00 
2.774742e+00 5.341693e+00 0.000000e+00 
1.992751e+00 3.781371e-01 0.000000e+00 
1.956632e+00 2.121791e+00 0.000000e+00 
2.465738e+00 3.791704e+00 0.000000e+00 
8.760077e-01 3.737285e+00 1.000000e+00 
1.360478e+00 1.621338e+00 0.000000e+00 
2.113090e+00 3.570419e+00 0.000000e+00 
1.581228e+00 1.136497e+00 0.000000e+00 
1.767969e+00 3.954793e+00 0.000000e+00 
1.220363e+00 4.754255e+00 0.000000e+00 
1.139313e+00 1.203989e+00 0.000000e+00 
1.553543e+00 4.072669e+00 0.000000e+00 
7.269240e-01 2.047296e+00 1.000000e+00 
1.908867e+00 5.038870e+00 0.000000e+00 
2.581616e+00 5.729541e+00 0.000000e+00 
1.031378e+00 5.254033e+00 1.000000e+00 
2.874645e+00 1.355231e+00 0.000000e+00 
1.493779e+00 5.410141e+00 0.000000e+00 
2.558317e+00 5.600488e+00 0.000000e+00 
2.609342e+00 9.557783e-01 0.000000e+00 
1.419418e+00 6.840348e-01 0.000000e+00 
2.396442e+00 5.671863e+00 0.000000e+00 
1.389882e+00 6.244468e+00 0.000000e+00 
9.565359e-01 4.783473e+00 1.000000e+00 
2.272223e+00 3.835052e+00 0.000000e+00 
1.184092e+00 4.294327e+00 0.000000e+00 
1.972808e+00 2.809445e+00 0.000000e+00 
8.234093e-01 7.099623e-02 1.000000e+00 
8.259672e-01 3.106267e+00 1.000000e+00 
1.293281e+00 2.410435e+00 0.000000e+00 
2.549409e+00 4.918835e+00 0.000000e+00 
1.058627e+00 3.767226e+00 0.000000e+00 
4.758973e-02 2.139157e+00 1.000000e+00 
2.066231e+00 3.355481e+00 0.000000e+00 
2.850627e+00 6.244054e+00 0.000000e+00 
7.405033e-01 1.975184e+00 1.000000e+00 
1.438237e+00 1.395666e-01 0.000000e+00 
8.866451e-01 5.520986e+00 1.000000e+00 
2.802224e+00 4.348490e+00 0.000000e+00 
1.564965e+00 6.203729e+00 0.000000e+00 
2.504408e+00 5.253104e+00 0.000000e+00 
1.658683e+00 3.169744e+00 0.000000e+00 
1.444845e+00 6.042370e+00 0.000000e+00 
1.136316e+00 1.569585e+00 0.000000e+00 
1.146060e+00 4.708703e-01 0.000000e+00 
1.743713e+00 2.808165e+00 0.000000e+00 
2.479010e+00 5.727675e+00 0.000000e+00 
2.372860e+00 4.482103e+00 0.000000e+00 
1.279159e+00 4.532690e+00 0.000000e+00 
1.462837e+00 6.203768e+00 0.000000e+00 
1.975269e+00 1.450268e+00 0.000000e+00 
1.219255e-01 4.264071e+00 1.000000e+00 
1.525749e+00 3.861280e+00 0.000000e+00 
8.628307e-01 1.161733e+00 1.000000e+00 
2.817661e+00 2.434542e+00 0.000000e+00 
2.493062e+00 5.586954e+00 0.000000e+00 
1.673623e+00 2.833282e+00 0.000000e+00 
3.918013e-01 4.788814e+00 1.000000e+00 
1.875215e+00 3.121524e-01 0.000000e+00 
2.036438e+00 2.294554e+00 0.000000e+00 
1.655846e+00 5.327953e+00 0.000000e+00 
1.127901e+00 1.952989e+00 0.000000e+00 
2.337943e+00 2.800401e+00 0.000000e+00 
2.201504e+00 2.160398e+00 0.000000e+00 
2.303308e+00 5.507162e+00 0.000000e+00 
2.016579e+00 3.215074e+00 0.000000e+00 
1.107360e+00 2.382243e-01 0.000000e+00 
9.075390e-01 3.649252e-01 1.000000e+00 
1.763257e+00 5.110509e+00 0.000000e+00 
1.185760e+00 5.123428e+00 0.000000e+00 
7.933952e-01 1.173760e+00 1.000000e+00 
6.061937e-01 4.977746e-01 1.000000e+00 
1.738181e+00 2.404075e+00 0.000000e+00 
1.646720e+00 6.665649e-01 0.000000e+00 
1.037533e+00 3.990289e-02 1.000000e+00 
9.917564e-01 1.109784e+00 1.000000e+00 
8.591913e-01 4.299232e-01 1.000000e+00 
2.642979e+00 1.545067e+00 0.000000e+00 
1.085469e+00 5.476929e+00 0.000000e+00 
2.956716e+00 4.476925e-01 0.000000e+00 
2.012283e+00 2.804101e+00 0.000000e+00 
1.376650e+00 5.831485e-01 0.000000e+00 
1.074684e+00 1.135743e+00 0.000000e+00 
1.122323e+00 7.441704e-01 0.000000e+00 
2.421834e+00 2.813073e+00 0.000000e+00 
2.046065e+00 6.396861e-01 0.000000e+00 
2.739691e+00 5.562718e+00 0.000000e+00 
5.841610e-01 2.521841e+00 1.000000e+00 
9.843655e-01 5.663982e+00 1.000000e+00 
9.409666e-01 1.965548e+00 1.000000e+00 
2.433000e+00 5.279882e+00 0.000000e+00 
9.910569e-01 5.181894e-02 1.000000e+00 
1.959095e+00 4.279216e+00 0.000000e+00 
1.925594e+00 1.650339e+00 0.000000e+00 
2.978773e+00 3.077257e+00 0.000000e+00 
1.900906e+00 6.608893e-01 0.000000e+00 
1.673762e+00 1.185708e+00 0.000000e+00 
2.615673e+00 4.169032e+00 0.000000e+00 
1.683749e+00 3.139433e-01 0.000000e+00 
1.339472e+00 5.704259e+00 0.000000e+00 
6.195580e-01 4.887597e+00 1.000000e+00 
1.876981e+00 4.540715e-01 0.000000e+00 
1.301664e+00 5.730622e+00 0.000000e+00 
1.353821e+00 2.320976e+00 0.000000e+00 
2.057733e+00 5.282901e+00 0.000000e+00 
4.432412e-01 1.879512e+00 1.000000e+00 
9.812865e-01 5.090017e+00 1.000000e+00 
1.613553e+00 6.321171e-01 0.000000e+00 
8.051772e-01 5.452205e+00 1.000000e+00 
1.666725e+00 2.838805e+00 0.000000e+00 
1.906036e+00 3.730397e+00 0.000000e+00 
2.685689e+00 2.030900e+00 0.000000e+00 
# Exact (~1e-8) pressure tensor
5.833333e-01 0.000000e+00 0.000000e+00 
0.000000e+00 2.083333e-01 0.000000e+00 
0.000000e+00 0.000000e+00 2.083333e-01 
