# 1D hohlraum problem 2021/03/19 10:15:18
x 3.000000e-01
t 6.000000e-01
N 256
# theta phi I
8.500319e-01 1.355496e-01 1.000000e+00 
8.850076e-01 3.534488e+00 1.000000e+00 
5.148294e-01 1.477352e+00 1.000000e+00 
1.949104e+00 3.553880e+00 0.000000e+00 
8.428758e-01 3.002973e-01 1.000000e+00 
2.269118e+00 9.461323e-01 0.000000e+00 
4.203794e-01 2.400060e-01 1.000000e+00 
1.179871e+00 5.388138e+00 0.000000e+00 
3.586011e-01 5.654395e+00 1.000000e+00 
1.105192e+00 2.703541e+00 0.000000e+00 
3.941516e-01 3.363426e+00 1.000000e+00 
1.722477e+00 1.382721e+00 0.000000e+00 
5.280290e-01 3.271635e-01 1.000000e+00 
1.927727e+00 4.176215e+00 0.000000e+00 
2.128813e+00 4.187797e+00 0.000000e+00 
5.054788e-01 8.299922e-01 1.000000e+00 
2.338505e+00 3.865361e+00 0.000000e+00 
9.563659e-01 2.295484e+00 1.000000e+00 
2.678992e+00 3.133748e+00 0.000000e+00 
8.931979e-01 5.912587e+00 1.000000e+00 
1.756882e+00 5.038480e+00 0.000000e+00 
4.909517e-01 3.368612e+00 1.000000e+00 
9.908227e-01 3.857194e+00 1.000000e+00 
8.274168e-01 3.647871e+00 1.000000e+00 
1.089473e+00 6.159890e+00 0.000000e+00 
1.605800e+00 1.200472e+00 0.000000e+00 
1.864379e+00 4.660856e+00 0.000000e+00 
2.084075e+00 4.442513e+00 0.000000e+00 
1.173540e+00 2.958494e-02 0.000000e+00 
1.370244e+00 2.861518e+00 0.000000e+00 
6.498451e-01 4.078968e-02 1.000000e+00 
1.922424e+00 5.441938e+00 0.000000e+00 
1.753254e-01 4.918495e+00 1.000000e+00 
1.054351e+00 3.680651e+00 0.000000e+00 
2.354499e+00 2.082000e+00 0.000000e+00 
1.093254e+00 5.821133e-01 0.000000e+00 
1.127942e+00 3.581329e+00 0.000000e+00 
1.312212e+00 2.553462e+00 0.000000e+00 
1.977407e+00 5.348656e+00 0.000000e+00 
1.549772e+00 4.497615e+00 0.000000e+00 
1.666580e+00 3.977131e+00 0.000000e+00 
1.670606e+00 5.303179e-01 0.000000e+00 
1.410951e+00 3.780001e+00 0.000000e+00 
1.074624e+00 2.438664e+00 0.000000e+00 
2.111068e+00 3.422415e+00 0.000000e+00 
3.563188e-01 2.253530e+00 1.000000e+00 
1.777875e+00 2.126106e+00 0.000000e+00 
1.821758e+00 2.453022e+00 0.000000e+00 
3.047536e-01 4.519874e+00 1.000000e+00 
1.744106e+00 4.909432e+00 0.000000e+00 
1.240979e+00 5.142718e+00 0.000000e+00 
2.238699e+00 1.033804e+00 0.000000e+00 
2.513766e+00 3.931378e+00 0.000000e+00 
1.439776e+00 8.926108e-01 0.000000e+00 
1.918863e+00 5.392726e+00 0.000000e+00 
1.803482e+00 5.884018e+00 0.000000e+00 
1.731213e+00 9.413640e-01 0.000000e+00 
1.389585e+00 4.478474e-01 0.000000e+00 
1.305236e+00 5.750893e+00 0.000000e+00 
1.047193e+00 3.214966e+00 1.000000e+00 
4.949411e-01 6.067006e+00 1.000000e+00 
1.287581e+00 4.808213e+00 0.000000e+00 
1.066049e+00 2.189944e+00 0.000000e+00 
6.862949e-01 5.887294e+00 1.000000e+00 
1.172039e+00 5.658200e+00 0.000000e+00 
2.401815e-01 6.280375e+00 1.000000e+00 
2.167912e+00 3.536332e+00 0.000000e+00 
4.968059e-01 4.301612e+00 1.000000e+00 
1.196167e+00 4.726430e+00 0.000000e+00 
1.556898e+00 4.400537e+00 0.000000e+00 
8.327635e-01 9.186383e-01 1.000000e+00 
2.473114e+00 2.499171e-01 0.000000e+00 
9.313035e-01 3.803274e-01 1.000000e+00 
1.486600e+00 3.944641e+00 0.000000e+00 
1.444013e+00 4.740537e+00 0.000000e+00 
1.392873e+00 2.123418e+00 0.000000e+00 
2.163051e+00 3.439120e+00 0.000000e+00 
1.117172e+00 3.553724e+00 0.000000e+00 
2.439775e+00 5.714956e-01 0.000000e+00 
2.323880e+00 1.971637e+00 0.000000e+00 
2.492885e+00 5.327202e+00 0.000000e+00 
2.234965e+00 4.053977e+00 0.000000e+00 
5.776830e-01 5.380095e+00 1.000000e+00 
2.188889e+00 2.669362e+00 0.000000e+00 
6.923399e-01 1.953964e+00 1.000000e+00 
7.099539e-01 1.033958e+00 1.000000e+00 
2.448776e+00 4.812792e+00 0.000000e+00 
1.145047e+00 1.658502e+00 0.000000e+00 
1.726026e+00 3.629791e+00 0.000000e+00 
2.048677e+00 7.715282e-01 0.000000e+00 
1.950308e+00 1.410699e+00 0.000000e+00 
1.791528e+00 1.665432e+00 0.000000e+00 
2.002937e+00 3.476154e+00 0.000000e+00 
1.343346e+00 4.836756e+00 0.000000e+00 
1.524379e+00 1.029837e+00 0.000000e+00 
8.882845e-01 5.825103e-01 1.000000e+00 
1.294110e+00 3.701430e+00 0.000000e+00 
8.111034e-01 1.595659e+00 1.000000e+00 
2.318151e+00 5.373878e+00 0.000000e+00 
1.039654e+00 4.327184e+00 1.000000e+00 
1.707907e+00 5.200796e-01 0.000000e+00 
1.579117e+00 2.592639e+00 0.000000e+00 
2.072202e+00 2.228249e-01 0.000000e+00 
2.271274e+00 5.059920e+00 0.000000e+00 
1.082024e+00 1.378408e+00 0.000000e+00 
1.752560e+00 3.509913e-01 0.000000e+00 
2.887703e+00 5.756953e-01 0.000000e+00 
2.627965e+00 3.470655e+00 0.000000e+00 
1.435738e+00 1.349614e+00 0.000000e+00 
1.798110e+00 5.867502e-01 0.000000e+00 
1.018245e+00 5.512234e+00 1.000000e+00 
1.976724e+00 2.042988e+00 0.000000e+00 
9.034117e-01 4.860644e+00 1.000000e+00 
1.173686e+00 9.689419e-01 0.000000e+00 
6.652305e-01 1.690739e+00 1.000000e+00 
1.744162e+00 6.277969e+00 0.000000e+00 
1.510295e+00 5.370328e-01 0.000000e+00 
8.871838e-01 5.132019e-01 1.000000e+00 
1.115736e+00 4.888033e+00 0.000000e+00 
2.055270e+00 3.991325e+00 0.000000e+00 
1.656885e+00 6.266172e+00 0.000000e+00 
1.864172e+00 5.629169e+00 0.000000e+00 
1.593951e+00 5.355531e+00 0.000000e+00 
1.217683e+00 1.890843e+00 0.000000e+00 
1.631768e+00 1.802293e+00 0.000000e+00 
1.413621e+00 5.003427e+00 0.000000e+00 
7.218433e-01 5.660865e+00 1.000000e+00 
2.004536e+00 5.601175e+00 0.000000e+00 
2.182185e+00 1.782844e+00 0.000000e+00 
2.520716e+00 4.592915e-01 0.000000e+00 
1.358758e+00 2.701868e-02 0.000000e+00 
1.866626e+00 4.554585e+00 0.000000e+00 
1.225135e+00 1.162021e+00 0.000000e+00 
2.189658e+00 1.426743e+00 0.000000e+00 
1.999460e+00 3.073699e+00 0.000000e+00 
1.278399e+00 5.728991e-01 0.000000e+00 
2.142763e+00 3.043655e+00 0.000000e+00 
1.449201e+00 1.587447e+00 0.000000e+00 
1.759976e+00 5.427352e+00 0.000000e+00 
1.266183e+00 3.094427e+00 0.000000e+00 
1.950401e+00 5.933788e+00 0.000000e+00 
3.972699e-01 5.243019e+00 1.000000e+00 
1.717286e+00 3.936909e-01 0.000000e+00 
1.139336e+00 4.479344e+00 0.000000e+00 
1.760666e+00 2.055053e+00 0.000000e+00 
1.328015e+00 2.358987e+00 0.000000e+00 
1.240600e+00 2.559334e+00 0.000000e+00 
3.817112e-01 5.853658e+00 1.000000e+00 
7.836251e-01 2.807516e+00 1.000000e+00 
1.084803e+00 3.937014e+00 0.000000e+00 
2.243767e+00 5.122440e+00 0.000000e+00 
3.001832e+00 2.883216e+00 0.000000e+00 
1.687865e+00 8.940817e-01 0.000000e+00 
1.871544e+00 5.691422e-01 0.000000e+00 
2.016664e+00 4.370117e+00 0.000000e+00 
2.861482e+00 2.142223e+00 0.000000e+00 
2.013047e+00 4.122126e+00 0.000000e+00 
4.237796e-01 1.135054e+00 1.000000e+00 
1.921057e+00 2.362260e+00 0.000000e+00 
9.061238e-01 6.037928e+00 1.000000e+00 
4.199715e-01 3.212332e+00 1.000000e+00 
1.476012e+00 2.002802e+00 0.000000e+00 
2.287997e+00 4.220895e+00 0.000000e+00 
8.820399e-01 4.311195e+00 1.000000e+00 
7.202035e-01 4.358841e+00 1.000000e+00 
1.085586e+00 1.032428e+00 0.000000e+00 
2.097287e+00 4.944157e+00 0.000000e+00 
1.164226e+00 1.035651e+00 0.000000e+00 
1.341900e+00 6.469289e-01 0.000000e+00 
1.282404e+00 1.689332e+00 0.000000e+00 
1.146435e+00 2.648001e+00 0.000000e+00 
1.341542e+00 7.102271e-01 0.000000e+00 
7.306235e-01 5.296236e+00 1.000000e+00 
6.751684e-01 5.087965e+00 1.000000e+00 
4.543627e-01 4.948211e-01 1.000000e+00 
2.120663e+00 6.754250e-01 0.000000e+00 
2.353703e+00 4.671682e-01 0.000000e+00 
8.338805e-01 4.220998e+00 1.000000e+00 
2.253851e+00 1.550532e+00 0.000000e+00 
1.517206e+00 8.133124e-01 0.000000e+00 
1.702967e+00 6.004567e+00 0.000000e+00 
1.258095e+00 1.327760e+00 0.000000e+00 
1.435619e+00 2.883448e+00 0.000000e+00 
1.792086e+00 7.734274e-01 0.000000e+00 
2.529812e+00 2.481026e+00 0.000000e+00 
6.828743e-01 6.242106e-01 1.000000e+00 
1.775711e+00 2.159383e+00 0.000000e+00 
9.953234e-01 3.370720e+00 1.000000e+00 
2.255074e+00 1.588648e+00 0.000000e+00 
7.232741e-01 1.909449e+00 1.000000e+00 
5.411046e-01 2.663108e+00 1.000000e+00 
1.872942e+00 5.312953e-02 0.000000e+00 
1.049218e+00 1.136513e+00 0.000000e+00 
8.322628e-01 1.502028e+00 1.000000e+00 
2.084139e+00 5.893306e+00 0.000000e+00 
1.737021e+00 2.094602e+00 0.000000e+00 
2.268407e+00 4.130501e+00 0.000000e+00 
9.831307e-01 2.254174e-01 1.000000e+00 
1.762579e+00 5.479701e+00 0.000000e+00 
2.431741e+00 1.467252e+00 0.000000e+00 
2.331861e+00 1.581772e+00 0.000000e+00 
9.641424e-01 7.388593e-01 1.000000e+00 
2.750668e+00 2.527531e-01 0.000000e+00 
1.537532e+00 1.599325e+00 0.000000e+00 
1.556291e+00 4.568181e+00 0.000000e+00 
1.162234e-01 2.443880e+00 1.000000e+00 
2.844761e+00 1.761865e-01 0.000000e+00 
6.707379e-01 1.065645e-01 1.000000e+00 
1.782136e+00 2.515248e+00 0.000000e+00 
6.788874e-01 1.730395e+00 1.000000e+00 
1.022735e+00 2.350557e+00 1.000000e+00 
1.419448e+00 9.897213e-02 0.000000e+00 
2.245775e+00 3.186960e+00 0.000000e+00 
9.204728e-01 1.123623e+00 1.000000e+00 
7.227369e-01 1.810129e+00 1.000000e+00 
2.832793e+00 4.196699e+00 0.000000e+00 
1.619961e+00 2.070671e+00 0.000000e+00 
1.485370e+00 2.960374e+00 0.000000e+00 
7.862027e-01 7.621716e-01 1.000000e+00 
2.717472e+00 3.901113e+00 0.000000e+00 
1.440396e+00 4.806051e+00 0.000000e+00 
2.132491e+00 1.627661e+00 0.000000e+00 
1.805788e+00 4.364517e+00 0.000000e+00 
1.454953e+00 9.219441e-01 0.000000e+00 
1.864158e+00 1.970985e+00 0.000000e+00 
1.123941e+00 4.566818e+00 0.000000e+00 
1.745228e+00 1.052892e+00 0.000000e+00 
1.211440e+00 1.150893e+00 0.000000e+00 
1.795693e-01 5.348644e-01 1.000000e+00 
9.068576e-01 2.161358e+00 1.000000e+00 
1.650924e+00 4.392253e+00 0.000000e+00 
1.156987e+00 1.465635e+00 0.000000e+00 
2.107148e+00 3.095487e+00 0.000000e+00 
2.676831e+00 4.000670e+00 0.000000e+00 
2.979135e+00 3.662383e+00 0.000000e+00 
2.066914e+00 4.305732e+00 0.000000e+00 
1.555637e+00 6.325524e-01 0.000000e+00 
8.669187e-02 5.142352e+00 1.000000e+00 
1.303853e+00 1.851395e+00 0.000000e+00 
9.970995e-01 4.015022e+00 1.000000e+00 
2.259311e+00 3.012562e-01 0.000000e+00 
8.472473e-01 3.287046e+00 1.000000e+00 
1.794187e+00 5.026954e+00 0.000000e+00 
8.351427e-01 2.869593e+00 1.000000e+00 
8.434100e-01 3.455624e+00 1.000000e+00 
1.074894e+00 2.196242e+00 0.000000e+00 
1.265309e+00 3.365423e-01 0.000000e+00 
1.563218e+00 4.632523e+00 0.000000e+00 
2.003067e+00 2.594515e+00 0.000000e+00 
1.360444e+00 4.040440e-01 0.000000e+00 
4.871866e-01 5.708807e+00 1.000000e+00 
1.547761e+00 4.923850e+00 0.000000e+00 
7.497216e-01 3.056856e+00 1.000000e+00 
2.164818e+00 9.449496e-01 0.000000e+00 
2.076407e+00 3.193416e+00 0.000000e+00 
1.576721e+00 4.495206e+00 0.000000e+00 
# Exact (~1e-8) pressure tensor
5.833333e-01 0.000000e+00 0.000000e+00 
0.000000e+00 2.083333e-01 0.000000e+00 
0.000000e+00 0.000000e+00 2.083333e-01 
