# 1D hohlraum problem 2021/03/19 10:14:30
x 1.000000e-01
t 3.000000e-01
N 128
# theta phi I
7.084029e-01 2.124976e+00 1.000000e+00 
2.277280e+00 1.483721e+00 0.000000e+00 
1.342298e+00 2.062452e+00 0.000000e+00 
2.656241e+00 3.511351e+00 0.000000e+00 
2.378485e+00 8.902860e-02 0.000000e+00 
9.020392e-01 4.758832e+00 1.000000e+00 
2.443471e+00 3.233498e-01 0.000000e+00 
1.953395e+00 1.190212e+00 0.000000e+00 
9.892680e-01 3.711712e+00 1.000000e+00 
2.227957e+00 1.297595e+00 0.000000e+00 
2.069721e+00 1.399679e+00 0.000000e+00 
7.214707e-01 3.248137e-01 1.000000e+00 
2.481709e+00 5.270192e+00 0.000000e+00 
1.459988e+00 5.409299e+00 0.000000e+00 
1.143990e+00 2.433815e+00 1.000000e+00 
1.842062e+00 1.969005e-01 0.000000e+00 
1.728628e+00 3.452697e+00 0.000000e+00 
1.656786e+00 1.242779e+00 0.000000e+00 
2.022156e+00 4.691647e+00 0.000000e+00 
1.868068e+00 3.732347e+00 0.000000e+00 
1.642119e+00 5.465639e+00 0.000000e+00 
1.087563e+00 2.969187e+00 1.000000e+00 
1.186344e+00 4.708293e+00 1.000000e+00 
1.107071e+00 3.525207e-01 1.000000e+00 
2.365555e+00 1.445010e+00 0.000000e+00 
1.619914e+00 6.167431e+00 0.000000e+00 
1.636260e+00 3.573464e+00 0.000000e+00 
1.619048e+00 6.036575e+00 0.000000e+00 
1.790066e+00 4.477557e-01 0.000000e+00 
5.560869e-01 3.031475e+00 1.000000e+00 
7.950190e-01 2.189596e+00 1.000000e+00 
4.190777e-01 2.160662e+00 1.000000e+00 
3.395542e-01 1.064497e+00 1.000000e+00 
1.519849e+00 1.606430e+00 0.000000e+00 
2.915459e+00 6.067883e-01 0.000000e+00 
1.241628e+00 5.059939e+00 0.000000e+00 
2.917818e+00 1.737041e+00 0.000000e+00 
1.834678e+00 2.101062e+00 0.000000e+00 
3.749040e-01 4.076319e+00 1.000000e+00 
2.516921e+00 3.789423e+00 0.000000e+00 
2.370372e+00 6.635552e-01 0.000000e+00 
1.745039e+00 3.062978e+00 0.000000e+00 
2.720835e+00 3.649712e+00 0.000000e+00 
1.410151e+00 2.089489e-02 0.000000e+00 
1.274053e+00 2.216329e+00 0.000000e+00 
1.138942e+00 3.744192e+00 1.000000e+00 
7.681412e-01 3.335535e-01 1.000000e+00 
2.611398e+00 1.821254e+00 0.000000e+00 
8.054355e-01 3.934766e+00 1.000000e+00 
2.705751e+00 1.800588e+00 0.000000e+00 
2.957779e-01 2.505539e+00 1.000000e+00 
1.125015e+00 1.252998e+00 1.000000e+00 
7.180316e-01 3.440849e+00 1.000000e+00 
1.798413e+00 4.145661e+00 0.000000e+00 
1.470779e+00 9.205746e-01 0.000000e+00 
1.625639e+00 2.745111e+00 0.000000e+00 
1.211423e+00 3.124811e+00 1.000000e+00 
1.423749e+00 4.508338e+00 0.000000e+00 
2.589390e+00 5.013773e+00 0.000000e+00 
8.213531e-01 1.659362e+00 1.000000e+00 
2.450043e+00 4.893822e+00 0.000000e+00 
1.964092e+00 5.677251e+00 0.000000e+00 
8.960336e-01 5.860183e+00 1.000000e+00 
2.094452e+00 4.816654e+00 0.000000e+00 
1.340500e+00 5.259454e+00 0.000000e+00 
1.583131e+00 2.350160e+00 0.000000e+00 
1.487268e+00 2.203752e-01 0.000000e+00 
1.895056e+00 2.594067e+00 0.000000e+00 
1.483470e+00 3.419325e+00 0.000000e+00 
2.565299e+00 2.786387e+00 0.000000e+00 
2.041830e+00 3.079653e+00 0.000000e+00 
9.438664e-01 2.103992e+00 1.000000e+00 
1.191028e+00 3.207687e+00 1.000000e+00 
2.945205e+00 2.082427e+00 0.000000e+00 
1.476130e+00 5.393005e+00 0.000000e+00 
2.122212e+00 1.391002e+00 0.000000e+00 
9.766094e-01 5.554301e+00 1.000000e+00 
1.597391e+00 2.335500e+00 0.000000e+00 
1.767253e+00 3.008042e+00 0.000000e+00 
1.398758e+00 2.055860e+00 0.000000e+00 
2.389883e+00 2.344131e+00 0.000000e+00 
1.940250e+00 3.051735e+00 0.000000e+00 
8.985313e-01 2.214152e+00 1.000000e+00 
7.065809e-01 1.518825e+00 1.000000e+00 
6.045003e-01 4.141894e-01 1.000000e+00 
1.712714e+00 6.105978e+00 0.000000e+00 
5.511103e-01 1.852625e+00 1.000000e+00 
6.223720e-01 3.948171e+00 1.000000e+00 
1.297298e+00 8.555172e-01 0.000000e+00 
1.910636e+00 2.033384e-01 0.000000e+00 
1.993911e+00 3.118557e-01 0.000000e+00 
2.323307e+00 8.789787e-01 0.000000e+00 
1.770570e+00 1.374765e+00 0.000000e+00 
7.878613e-01 6.040868e+00 1.000000e+00 
1.314178e+00 2.663888e-01 0.000000e+00 
2.076688e+00 6.115487e+00 0.000000e+00 
6.507450e-01 2.912320e+00 1.000000e+00 
1.889947e+00 3.537684e+00 0.000000e+00 
3.000387e+00 5.211563e+00 0.000000e+00 
2.435498e+00 2.467303e+00 0.000000e+00 
1.147952e+00 3.720147e+00 1.000000e+00 
1.631759e+00 4.403650e+00 0.000000e+00 
1.073084e+00 2.865321e+00 1.000000e+00 
1.307513e+00 3.687518e+00 0.000000e+00 
6.335474e-01 1.191983e+00 1.000000e+00 
7.859165e-01 3.790603e+00 1.000000e+00 
2.662731e+00 2.736586e+00 0.000000e+00 
1.143439e+00 4.156844e+00 1.000000e+00 
1.150943e+00 1.408134e+00 1.000000e+00 
8.690780e-01 4.272384e+00 1.000000e+00 
7.258634e-01 6.190580e-01 1.000000e+00 
5.384634e-01 5.804167e+00 1.000000e+00 
2.154069e+00 5.701096e+00 0.000000e+00 
2.132661e+00 1.809754e+00 0.000000e+00 
1.459851e+00 4.844882e+00 0.000000e+00 
9.303953e-01 4.496668e+00 1.000000e+00 
2.180235e+00 6.168545e+00 0.000000e+00 
5.678401e-01 5.145492e-01 1.000000e+00 
1.558267e+00 6.485286e-01 0.000000e+00 
4.900543e-01 4.678519e-01 1.000000e+00 
1.721303e+00 5.023044e+00 0.000000e+00 
4.764215e-01 5.120599e+00 1.000000e+00 
6.168636e-01 4.197722e+00 1.000000e+00 
2.607794e+00 2.103618e-01 0.000000e+00 
1.936796e+00 2.059082e+00 0.000000e+00 
2.374796e+00 5.920829e+00 0.000000e+00 
7.317687e-01 4.674104e+00 1.000000e+00 
2.371774e+00 4.632324e+00 0.000000e+00 
# Exact (~1e-8) pressure tensor
4.814815e-01 0.000000e+00 0.000000e+00 
0.000000e+00 2.592593e-01 0.000000e+00 
0.000000e+00 0.000000e+00 2.592593e-01 
