# Spherical harmonics problem 2021/03/23 19:57:27
order 3
N 512
# theta phi I
7.664070e-01 3.931923e+00 4.738457e-01 
1.947423e+00 3.650040e+00 3.966607e-01 
2.663441e+00 4.134109e+00 3.731204e-01 
1.779775e+00 4.419144e+00 5.047348e-01 
1.402275e+00 5.738707e+00 3.475376e-01 
1.536692e+00 1.881969e+00 4.046858e-01 
1.732701e+00 4.486114e+00 5.111898e-01 
1.497682e+00 5.109017e+00 4.473238e-01 
1.810554e+00 2.977346e-01 4.090893e-01 
1.104625e+00 7.605077e-01 3.390114e-01 
5.717643e-01 3.859002e+00 4.670028e-01 
9.348967e-01 1.301141e+00 4.765802e-01 
4.683913e-01 3.535957e+00 4.815635e-01 
2.833303e+00 2.126722e+00 4.261663e-01 
2.086927e+00 2.209087e-01 4.189632e-01 
7.081110e-01 2.632341e-01 2.740725e-01 
2.399145e+00 5.341605e-01 4.452224e-01 
1.720022e+00 2.741469e+00 2.702418e-01 
9.984929e-01 3.522560e+00 4.273411e-01 
2.548289e+00 4.845224e+00 2.935478e-01 
1.325955e+00 2.744198e+00 3.698176e-01 
1.855316e+00 1.342021e+00 3.738670e-01 
6.722077e-01 4.601112e+00 4.594577e-01 
1.811267e+00 8.659376e-01 4.040967e-01 
1.653110e+00 4.652580e+00 5.100872e-01 
1.693113e+00 1.931662e+00 3.578006e-01 
1.607886e-01 1.141584e+00 4.361324e-01 
2.661101e+00 2.105899e+00 4.113500e-01 
2.519927e+00 5.309163e+00 2.603639e-01 
2.223748e+00 2.789428e+00 3.115104e-01 
1.203388e+00 3.217560e+00 3.665931e-01 
2.875782e+00 1.075240e+00 4.323688e-01 
1.495549e+00 3.376109e+00 3.318952e-01 
1.558496e+00 6.168995e-01 3.754864e-01 
2.545438e-01 1.466485e+00 4.740291e-01 
2.868027e+00 2.697249e+00 4.183735e-01 
2.593148e+00 4.011148e+00 3.851056e-01 
1.292012e+00 2.104838e+00 4.855656e-01 
1.039666e+00 4.373703e+00 5.382932e-01 
2.514764e+00 4.550621e+00 3.310946e-01 
2.141171e+00 3.416235e+00 3.632747e-01 
5.720443e-01 5.267347e+00 3.617808e-01 
1.768703e+00 4.335200e-01 4.088391e-01 
3.092836e+00 5.865081e+00 3.948901e-01 
2.060652e+00 2.206878e-01 4.185660e-01 
1.834436e+00 4.088373e+00 4.849070e-01 
9.567329e-01 8.000599e-01 3.471955e-01 
6.706225e-01 2.159343e+00 6.140273e-01 
7.042815e-01 3.897964e+00 4.704544e-01 
1.552312e+00 3.117746e-01 3.696344e-01 
1.659372e+00 1.496661e+00 3.788675e-01 
4.567190e-01 2.246523e+00 5.785349e-01 
1.482299e+00 6.017844e+00 3.395982e-01 
2.762153e+00 1.162331e+00 4.416829e-01 
1.349955e+00 4.835198e+00 5.284512e-01 
7.054837e-01 2.917408e+00 5.275798e-01 
1.291231e+00 2.201462e-01 3.170956e-01 
1.244607e+00 4.146868e+00 5.322802e-01 
1.777221e+00 3.535185e-01 4.076627e-01 
1.761471e+00 3.156665e+00 2.837571e-01 
5.227993e-01 1.148209e+00 4.520803e-01 
8.243933e-01 3.811950e+00 4.670924e-01 
1.376340e+00 6.271245e+00 3.292068e-01 
1.961550e+00 2.784185e+00 2.680987e-01 
1.672623e+00 5.676941e+00 3.327782e-01 
2.318873e+00 2.729804e-01 4.224528e-01 
2.983948e+00 5.839236e+00 3.764711e-01 
1.797512e+00 3.090183e+00 2.763443e-01 
3.024798e+00 5.661714e+00 3.806401e-01 
5.188415e-01 1.663477e+00 5.520726e-01 
9.915977e-01 4.160598e+00 5.132746e-01 
2.177503e+00 5.003036e+00 2.913047e-01 
1.883374e+00 2.596421e+00 2.684923e-01 
1.335998e+00 5.379703e+00 4.059116e-01 
1.450877e+00 5.934962e+00 3.381033e-01 
2.477320e+00 3.971135e+00 3.951971e-01 
2.132957e+00 1.969148e+00 3.274145e-01 
1.926921e+00 1.935305e+00 3.237737e-01 
1.642423e+00 2.591855e+00 2.964369e-01 
2.334229e-01 4.808380e+00 3.978602e-01 
1.823938e+00 2.526666e+00 2.758600e-01 
1.374972e+00 1.136265e+00 3.906425e-01 
1.387805e+00 6.257014e+00 3.309322e-01 
1.775860e+00 3.871361e+00 4.523895e-01 
2.794631e+00 5.270114e+00 3.178655e-01 
1.127772e+00 4.594731e+00 5.507582e-01 
1.878153e+00 6.176101e+00 3.671876e-01 
1.080032e+00 1.709834e+00 5.417278e-01 
4.154615e-01 2.734470e+00 5.465391e-01 
9.084066e-01 5.060635e+00 4.497293e-01 
1.097634e+00 1.857630e+00 5.535340e-01 
2.952685e+00 2.389120e-01 3.990244e-01 
1.748552e+00 4.802731e+00 4.545290e-01 
9.679050e-01 8.403481e-01 3.555912e-01 
2.183104e+00 4.559185e+00 3.759303e-01 
1.290817e+00 4.980763e+00 5.012478e-01 
8.690051e-01 3.935292e+00 4.780095e-01 
1.578583e+00 8.314512e-01 3.787136e-01 
1.870020e+00 3.459629e+00 3.490858e-01 
2.060552e+00 4.199705e+00 4.475450e-01 
3.184734e-01 5.043132e+00 3.786382e-01 
1.959172e+00 4.490730e+00 4.482094e-01 
2.053979e+00 2.258128e-01 4.190730e-01 
1.965355e+00 6.134375e+00 3.590203e-01 
5.547015e-01 1.430708e+00 5.150896e-01 
2.587843e+00 8.244889e-01 4.482873e-01 
2.081640e+00 1.592984e+00 3.601871e-01 
1.849539e+00 3.565674e+00 3.742759e-01 
1.809490e+00 5.764708e+00 3.185376e-01 
2.566407e+00 2.987274e+00 3.893540e-01 
1.718078e+00 6.255178e-03 3.750104e-01 
2.433697e+00 6.211383e+00 3.608278e-01 
1.876285e+00 5.753737e+00 3.096218e-01 
1.201313e+00 5.251307e+00 4.381555e-01 
1.529959e+00 3.843893e+00 4.564257e-01 
2.090239e+00 5.475365e+00 2.639424e-01 
1.198106e+00 2.929144e+00 3.867056e-01 
7.682873e-01 5.924337e+00 2.795527e-01 
4.088092e-01 2.526859e+00 5.585435e-01 
2.663434e+00 2.328811e+00 4.056404e-01 
1.687184e+00 4.914872e+00 4.472319e-01 
1.821419e+00 1.725726e+00 3.492701e-01 
2.676840e+00 5.091538e+00 2.930458e-01 
1.550149e+00 1.940035e+00 3.980246e-01 
1.462101e+00 5.273855e+00 4.155838e-01 
2.641152e+00 4.209330e+00 3.671060e-01 
1.681281e+00 1.521472e+00 3.756095e-01 
1.484900e+00 4.400772e+00 5.575603e-01 
2.027003e+00 4.587637e+00 4.123285e-01 
6.933493e-01 3.341582e+00 4.795141e-01 
8.963924e-01 3.645589e+00 4.504782e-01 
1.699173e+00 4.876712e+00 4.525863e-01 
2.114048e+00 4.780123e+00 3.488349e-01 
2.272560e+00 3.923800e+00 4.152081e-01 
2.765330e+00 1.395632e+00 4.395219e-01 
2.166023e-01 4.605369e+00 4.098001e-01 
1.996706e+00 7.830688e-01 4.304710e-01 
4.209381e-01 6.017997e+00 3.043169e-01 
1.868879e+00 3.235075e+00 3.017210e-01 
2.115223e+00 5.710697e+00 2.780603e-01 
9.921351e-01 4.474533e+00 5.327046e-01 
2.339518e+00 6.273180e+00 3.744134e-01 
1.040977e+00 5.383098e+00 3.972694e-01 
1.544775e+00 2.165830e+00 3.816937e-01 
8.347298e-01 4.409610e+00 5.017734e-01 
2.409498e+00 3.899958e+00 4.031501e-01 
2.680957e+00 1.791518e+00 4.251398e-01 
2.796309e+00 4.640979e+00 3.401809e-01 
1.621232e+00 6.199094e+00 3.587350e-01 
2.237675e+00 4.271586e+00 4.056928e-01 
1.881417e+00 6.090714e+00 3.537529e-01 
1.614627e+00 5.915585e+00 3.407432e-01 
1.787073e+00 7.910882e-01 4.050921e-01 
3.492936e-01 5.755434e-01 3.667910e-01 
1.907245e+00 3.524017e+00 3.663498e-01 
1.127546e+00 6.264025e+00 2.882843e-01 
9.964248e-01 5.143566e+00 4.465069e-01 
1.413021e+00 3.895511e+00 4.745200e-01 
1.724152e+00 5.778321e+00 3.285550e-01 
1.872613e+00 3.469138e+00 3.514899e-01 
1.914811e+00 3.621577e+00 3.896399e-01 
1.356862e+00 2.132828e+00 4.572055e-01 
2.070976e+00 4.045487e+00 4.445589e-01 
2.156666e+00 6.036092e+00 3.319262e-01 
1.742882e+00 5.181176e+00 3.715420e-01 
2.011123e+00 2.783918e+00 2.734796e-01 
1.624244e+00 6.248483e+00 3.626895e-01 
1.795521e+00 2.070387e-01 4.010429e-01 
1.683043e+00 1.902893e+00 3.620944e-01 
9.366485e-01 2.875797e+00 4.828986e-01 
2.278331e+00 2.724006e+00 3.215860e-01 
1.737385e+00 4.694455e+00 4.800978e-01 
1.008681e+00 2.061553e+00 5.834576e-01 
1.137309e+00 3.386673e+00 3.901967e-01 
1.359032e+00 1.922110e+00 4.668678e-01 
2.371230e+00 4.592223e+00 3.357114e-01 
6.439778e-01 3.617224e+00 4.713836e-01 
1.233090e+00 3.493664e+00 3.865732e-01 
2.155955e+00 4.642871e+00 3.665369e-01 
6.251509e-01 4.650195e+00 4.458990e-01 
1.905227e+00 4.048428e+00 4.700196e-01 
2.501510e+00 4.209439e+00 3.745724e-01 
1.573490e-01 3.732308e+00 4.496290e-01 
2.086995e+00 4.064580e+00 4.426608e-01 
6.852087e-01 5.350112e+00 3.598332e-01 
2.289091e+00 2.904163e+00 3.316070e-01 
1.079176e+00 5.263291e+00 4.285230e-01 
2.576248e+00 1.709493e+00 4.175831e-01 
1.351625e+00 2.542081e+00 3.968093e-01 
7.659571e-01 5.296434e+00 3.797326e-01 
1.660413e+00 3.258147e+00 2.999940e-01 
1.849845e+00 3.577136e+00 3.771855e-01 
8.007782e-02 4.614657e+00 4.186219e-01 
2.169798e+00 3.616416e+00 3.951889e-01 
2.387393e+00 4.028741e+00 4.007664e-01 
2.046552e+00 4.279696e+00 4.469743e-01 
1.305141e+00 7.366713e-01 3.471428e-01 
9.082320e-01 3.344259e+00 4.396929e-01 
2.184789e+00 5.053928e-01 4.456004e-01 
2.515728e+00 5.590388e+00 2.712568e-01 
1.363867e+00 5.149900e+00 4.565775e-01 
8.133817e-01 4.646650e+00 4.876915e-01 
9.526588e-01 8.368052e-01 3.553544e-01 
6.675474e-01 3.323653e+00 4.843427e-01 
1.703734e+00 5.513851e+00 3.348362e-01 
3.066581e-01 3.465673e+00 4.795526e-01 
5.786368e-01 2.373252e+00 5.970000e-01 
5.342425e-01 4.044419e-02 2.833894e-01 
1.169900e+00 3.519935e+00 4.001503e-01 
1.061291e+00 2.074936e+00 5.690083e-01 
2.372168e+00 4.962792e+00 2.759785e-01 
1.910623e+00 3.847652e+00 4.389007e-01 
2.757683e-01 3.015450e+00 5.028926e-01 
1.917762e+00 4.211455e+00 4.777844e-01 
1.472541e+00 4.893707e+00 5.021287e-01 
4.577789e-01 3.625847e+00 4.758099e-01 
1.675096e+00 6.169381e+00 3.602787e-01 
1.516074e+00 1.354650e+00 3.953362e-01 
1.080421e+00 4.540997e+00 5.465427e-01 
7.999402e-01 2.516774e+00 5.792906e-01 
2.158128e+00 6.074183e+00 3.396946e-01 
2.223388e+00 5.666937e+00 2.658238e-01 
1.803831e+00 3.004441e+00 2.685579e-01 
2.679596e+00 2.284763e+00 4.090120e-01 
1.562425e+00 3.597473e+00 3.830370e-01 
2.297802e+00 2.496953e+00 3.249721e-01 
1.824041e+00 3.359240e+00 3.233536e-01 
2.645624e+00 4.056097e+00 3.796709e-01 
1.890875e+00 6.260561e-01 4.248677e-01 
8.898824e-01 1.229759e+00 4.614148e-01 
1.236736e+00 2.160085e-01 3.070234e-01 
1.346919e+00 3.674671e+00 4.153537e-01 
2.018959e+00 2.612732e+00 2.744811e-01 
1.306719e+00 1.853381e+00 4.850827e-01 
9.981852e-01 4.438378e+00 5.335338e-01 
2.462901e+00 6.108964e+00 3.420241e-01 
2.568042e+00 4.649909e+00 3.178481e-01 
1.345592e+00 5.738112e+00 3.470915e-01 
1.634173e+00 4.731258e+00 5.011322e-01 
2.104738e+00 2.853629e+00 2.906421e-01 
1.025457e+00 4.167400e+00 5.179404e-01 
2.850439e+00 1.202301e+00 4.359235e-01 
1.158057e+00 6.807809e-01 3.296042e-01 
7.858797e-02 3.011200e+00 4.531692e-01 
1.231038e+00 4.120095e+00 5.267519e-01 
2.212445e+00 5.457122e+00 2.510395e-01 
1.485077e+00 2.856477e+00 3.057700e-01 
1.605202e+00 1.802389e-01 3.737771e-01 
1.510346e+00 8.145190e-01 3.713645e-01 
1.373559e+00 4.891456e+00 5.153962e-01 
7.448472e-01 1.510867e+00 5.423665e-01 
2.080919e+00 1.645644e+00 3.546117e-01 
1.617438e+00 5.150364e-01 3.850581e-01 
3.129908e-01 4.288363e+00 4.306420e-01 
9.027330e-01 1.059624e+00 4.136808e-01 
4.193738e-01 3.527802e+00 4.815712e-01 
1.408321e+00 4.039152e-01 3.445930e-01 
1.661683e+00 5.662441e+00 3.344274e-01 
2.687651e-01 6.010112e+00 3.421559e-01 
8.432380e-01 1.828014e-01 2.638231e-01 
1.966346e+00 5.538014e+00 2.842726e-01 
7.307041e-01 4.215882e+00 4.810763e-01 
1.117941e+00 5.392295e+00 4.015407e-01 
1.724533e+00 5.862124e+00 3.332737e-01 
1.757743e+00 3.708959e+00 4.115146e-01 
2.539147e+00 2.111317e+00 3.905948e-01 
7.954469e-01 9.899549e-01 4.024142e-01 
2.166997e+00 5.224932e+00 2.633959e-01 
9.073592e-01 4.675297e+00 5.064154e-01 
1.173841e+00 3.430740e+00 3.873504e-01 
1.478564e+00 5.434491e+00 3.818480e-01 
1.412462e+00 3.039689e+00 3.139089e-01 
7.808891e-01 9.064300e-02 2.608169e-01 
1.183437e+00 4.870244e+00 5.223708e-01 
2.406145e+00 3.617862e+00 3.996861e-01 
2.666865e+00 5.698025e+00 3.055241e-01 
1.778018e+00 2.255245e+00 3.092009e-01 
3.293142e-01 1.206335e+00 4.539014e-01 
1.564667e+00 4.409001e+00 5.480712e-01 
1.864668e+00 5.250086e+00 3.259958e-01 
1.398962e+00 3.308474e+00 3.323149e-01 
1.090230e+00 6.906404e-01 3.274743e-01 
2.381606e+00 1.426493e+00 4.138049e-01 
9.565345e-01 2.138002e+00 5.932094e-01 
1.265934e+00 1.138983e+00 4.000051e-01 
5.055281e-01 2.826214e+00 5.481966e-01 
1.888983e+00 2.360534e-01 4.121291e-01 
1.691764e+00 5.297755e-01 3.976106e-01 
4.112711e-01 5.258757e+00 3.575797e-01 
1.327189e+00 3.387546e+00 3.549524e-01 
1.322799e+00 5.771524e+00 3.428395e-01 
1.351449e+00 8.331142e-01 3.591870e-01 
1.171418e+00 1.256998e+00 4.341672e-01 
2.929146e+00 4.679990e+00 3.614337e-01 
2.004407e+00 1.633947e+00 3.513490e-01 
1.221909e+00 6.044245e-01 3.266854e-01 
2.141359e+00 2.879888e+00 2.989894e-01 
1.269938e+00 4.428360e+00 5.643794e-01 
2.693875e+00 2.525493e-01 4.037311e-01 
1.308206e+00 8.014452e-01 3.535051e-01 
1.868610e+00 3.113210e+00 2.829856e-01 
1.669570e+00 5.482211e+00 3.440282e-01 
2.341262e-01 4.928120e+00 3.910067e-01 
1.784083e+00 2.926234e+00 2.642018e-01 
1.357677e-01 1.526926e+00 4.541235e-01 
1.699251e+00 4.788793e+00 4.720770e-01 
8.698188e-01 2.423282e+00 5.819572e-01 
2.217883e+00 2.255146e+00 3.176267e-01 
7.692220e-01 1.310964e+00 4.915488e-01 
1.076367e+00 5.414971e+00 3.932950e-01 
2.236669e+00 1.251819e-01 4.025521e-01 
2.689999e+00 3.189237e+00 4.047797e-01 
8.338321e-01 3.794492e+00 4.656338e-01 
1.430650e+00 4.929987e+00 5.004954e-01 
2.654821e+00 3.309468e+00 4.028210e-01 
5.229219e-01 1.132070e+00 4.485322e-01 
4.051901e-01 2.472759e+00 5.601703e-01 
1.706143e+00 4.463606e+00 5.193431e-01 
3.719844e-01 1.874208e+00 5.407175e-01 
1.704417e+00 6.080575e+00 3.529376e-01 
2.766982e+00 2.305379e+00 4.187401e-01 
2.927048e+00 1.095553e+00 4.275176e-01 
1.980432e+00 5.781545e-01 4.353160e-01 
2.568306e+00 2.383865e+00 3.876555e-01 
2.509583e+00 6.282712e+00 3.729376e-01 
1.847470e+00 5.679835e+00 3.084645e-01 
1.749649e+00 3.220897e+00 2.933012e-01 
1.833875e+00 5.366418e+00 3.192409e-01 
6.627071e-01 5.668871e+00 3.086506e-01 
1.777988e+00 2.435259e+00 2.895496e-01 
1.979806e+00 4.045550e+00 4.586377e-01 
1.677890e+00 2.111262e+00 3.464745e-01 
1.490714e+00 3.888759e+00 4.704811e-01 
1.748261e+00 3.340308e+00 3.161279e-01 
1.295787e+00 1.199336e-01 3.161761e-01 
9.829082e-01 6.474926e-01 3.177558e-01 
1.284194e+00 5.422088e+00 3.989452e-01 
4.758921e-01 6.331098e-01 3.539355e-01 
1.361467e+00 6.175011e+00 3.265675e-01 
2.249376e+00 1.941495e+00 3.457417e-01 
2.203554e+00 1.187323e-01 4.023737e-01 
8.786510e-01 7.804125e-01 3.458026e-01 
2.370451e+00 1.542454e+00 4.016846e-01 
2.847189e+00 4.894956e+00 3.374642e-01 
8.665828e-01 2.001466e+00 6.084093e-01 
1.575225e+00 4.370871e+00 5.461624e-01 
2.618492e+00 6.213736e+00 3.635146e-01 
2.623910e+00 4.689761e+00 3.161348e-01 
2.488461e+00 5.170332e+00 2.603550e-01 
2.028456e+00 2.208277e+00 2.987645e-01 
1.348964e+00 6.259408e+00 3.245890e-01 
2.429431e+00 6.023748e+00 3.255638e-01 
2.613508e+00 5.645561e+00 2.912934e-01 
2.171514e+00 4.674585e+00 3.564790e-01 
2.152668e+00 5.032674e+00 2.909183e-01 
2.856124e+00 1.009080e+00 4.331301e-01 
7.591737e-01 2.453377e+00 5.927462e-01 
7.359576e-01 6.095001e+00 2.659776e-01 
4.929588e-01 3.812414e+00 4.666019e-01 
1.262101e+00 3.420267e+00 3.704283e-01 
1.646670e+00 1.284927e+00 3.806447e-01 
1.253183e+00 3.827118e+00 4.596030e-01 
2.470400e+00 2.953773e+00 3.720236e-01 
2.109543e+00 3.316788e-01 4.317963e-01 
1.613889e+00 4.007296e+00 4.949882e-01 
1.485543e+00 6.053531e+00 3.403082e-01 
1.164632e+00 5.960448e+00 3.107093e-01 
1.749095e+00 3.687233e+00 4.056663e-01 
1.796648e+00 4.320996e+00 5.044338e-01 
2.122004e-01 4.600152e+00 4.101961e-01 
8.424321e-01 8.568640e-01 3.654686e-01 
2.070027e+00 2.885520e+00 2.864347e-01 
2.527437e+00 9.626405e-01 4.500885e-01 
2.541686e+00 3.236899e+00 3.930560e-01 
2.376241e+00 5.348322e+00 2.473509e-01 
1.390751e+00 3.597980e+00 3.922013e-01 
2.236320e+00 3.115230e+00 3.376913e-01 
2.365136e+00 5.907743e+00 3.026858e-01 
1.269151e+00 2.356582e-01 3.133747e-01 
1.441796e+00 3.582042e+00 3.845053e-01 
6.619557e-01 2.306869e-01 2.757448e-01 
2.562301e+00 2.456218e+00 3.852136e-01 
1.880382e+00 4.636268e+00 4.477924e-01 
1.770472e+00 1.428511e+00 3.701363e-01 
2.100225e+00 1.713245e-01 4.122035e-01 
2.626229e+00 5.746059e+00 3.029536e-01 
3.263011e-01 3.515541e-01 3.493938e-01 
8.575549e-01 1.615612e+00 5.609807e-01 
1.223125e+00 2.363172e+00 4.812200e-01 
9.396759e-01 4.354135e+00 5.207677e-01 
2.568930e+00 4.464463e+00 3.410592e-01 
2.455078e+00 6.096375e+00 3.395680e-01 
2.577113e+00 3.211672e-01 4.163746e-01 
1.568046e+00 5.140793e+00 4.253071e-01 
1.464705e+00 5.443015e+00 3.821107e-01 
1.452994e+00 1.458916e+00 4.137659e-01 
1.911167e+00 1.342686e+00 3.753460e-01 
3.040102e+00 5.078129e+00 3.804093e-01 
1.429330e+00 4.356915e+00 5.598594e-01 
1.601259e+00 3.247670e+00 3.009176e-01 
1.699846e+00 2.116557e+00 3.403889e-01 
2.304444e+00 4.236898e+00 3.970230e-01 
2.910503e+00 7.463737e-01 4.211058e-01 
1.810798e+00 5.135075e+00 3.611537e-01 
2.157591e+00 2.801737e-01 4.266490e-01 
1.773253e+00 2.385264e+00 2.956327e-01 
2.276951e+00 8.812708e-01 4.470523e-01 
2.300411e+00 1.372941e+00 4.089604e-01 
1.143442e+00 2.505412e+00 4.862113e-01 
9.084670e-01 5.323358e+00 3.946853e-01 
2.256721e+00 4.407308e+00 3.848676e-01 
7.725909e-01 5.648586e+00 3.168556e-01 
1.381925e+00 4.029111e+00 5.096177e-01 
3.308976e-01 1.105520e+00 4.398199e-01 
2.165053e+00 1.653167e+00 3.620871e-01 
1.072653e+00 1.622555e-01 2.800919e-01 
1.261994e+00 2.974363e+00 3.601595e-01 
2.284257e+00 6.176896e+00 3.567405e-01 
7.537151e-01 5.524967e+00 3.362355e-01 
2.989602e+00 1.443836e+00 4.236377e-01 
2.897489e+00 6.198908e+00 3.800067e-01 
1.843192e+00 4.817890e-01 4.197365e-01 
2.039762e+00 3.975411e+00 4.444907e-01 
1.192182e+00 2.932530e+00 3.882882e-01 
1.261925e+00 3.632573e+00 4.112174e-01 
3.025054e+00 4.040251e+00 3.912154e-01 
1.221224e+00 1.491682e+00 4.710087e-01 
2.734624e+00 5.910304e+00 3.369998e-01 
6.382381e-01 1.919031e+00 6.017686e-01 
1.866980e+00 1.224891e+00 3.832201e-01 
1.623714e+00 5.882761e+00 3.393083e-01 
1.768462e+00 5.527692e+00 3.216173e-01 
1.699468e+00 4.993476e+00 4.252607e-01 
2.940374e+00 2.597099e+00 4.196016e-01 
1.880205e+00 4.178698e+00 4.843526e-01 
3.017166e+00 1.164994e+00 4.180419e-01 
1.470388e+00 1.115610e+00 3.835326e-01 
8.798342e-01 1.199765e+00 4.539527e-01 
2.251950e+00 4.236778e+00 4.063462e-01 
1.983644e+00 4.037344e+00 4.574067e-01 
2.494562e+00 5.145987e+00 2.622761e-01 
2.569955e+00 5.988886e-01 4.408237e-01 
1.122772e+00 3.609867e-01 2.951378e-01 
2.512123e+00 4.345350e+00 3.583744e-01 
1.825409e+00 1.059789e+00 3.928887e-01 
1.965025e+00 1.521761e-01 4.072281e-01 
1.409406e+00 3.641129e+00 4.024841e-01 
1.798662e+00 2.335715e+00 2.972621e-01 
2.016360e+00 1.375492e+00 3.781654e-01 
1.709979e+00 2.805800e+00 2.683022e-01 
1.627245e+00 2.186955e+00 3.525774e-01 
1.994712e+00 2.743683e+00 2.709231e-01 
2.512211e+00 2.612254e+00 3.737333e-01 
1.624061e+00 4.051433e+00 5.036284e-01 
1.956946e+00 5.335086e+00 2.932050e-01 
1.197581e+00 4.626001e+00 5.556175e-01 
9.686499e-01 1.527201e+00 5.290040e-01 
1.457912e+00 5.711085e+00 3.488743e-01 
2.128826e+00 3.110580e+00 3.174748e-01 
1.161936e+00 3.254809e+00 3.778537e-01 
1.364481e+00 6.150212e+00 3.271339e-01 
2.145733e+00 1.101812e+00 4.196490e-01 
1.888959e+00 6.027388e+00 3.435621e-01 
2.114520e+00 1.522001e+00 3.707985e-01 
1.285463e+00 2.236852e-01 3.161004e-01 
5.798231e-01 2.255066e+00 6.024810e-01 
2.347226e-01 5.630038e+00 3.579868e-01 
2.023652e+00 5.525862e+00 2.746531e-01 
1.640537e+00 4.706599e+00 5.040700e-01 
1.444251e+00 3.639969e+00 4.002098e-01 
1.784299e+00 3.908659e+00 4.602114e-01 
1.989415e+00 3.668241e+00 4.009168e-01 
2.919984e+00 2.230825e+00 4.249047e-01 
1.373524e+00 5.853883e-01 3.452860e-01 
3.419557e-01 3.440516e+00 4.840490e-01 
1.602383e+00 6.241899e-01 3.825869e-01 
2.188158e+00 4.701393e+00 3.472839e-01 
1.966037e+00 9.396860e-01 4.161302e-01 
1.925956e+00 3.279395e+00 3.149488e-01 
1.532317e+00 3.287881e+00 3.126744e-01 
1.876045e+00 9.340901e-01 4.068571e-01 
1.105042e+00 1.169869e+00 4.231546e-01 
1.854575e+00 5.473574e+00 3.065953e-01 
1.607339e+00 3.380779e+00 3.258339e-01 
1.792836e+00 2.797692e-01 4.059107e-01 
1.073729e+00 4.116447e+00 5.156239e-01 
2.030636e+00 3.433203e+00 3.554168e-01 
1.385545e+00 2.963677e+00 3.239894e-01 
1.261296e+00 8.899513e-01 3.619647e-01 
7.080627e-01 3.075418e+00 5.046288e-01 
2.122162e+00 3.431966e+00 3.639038e-01 
1.409616e+00 2.240828e+00 4.237002e-01 
1.805592e+00 1.253046e+00 3.790317e-01 
4.651822e-01 6.046616e+00 2.950547e-01 
2.083559e+00 3.171153e-01 4.298156e-01 
1.712926e+00 2.088376e+00 3.400406e-01 
1.539643e+00 1.256652e+00 3.875350e-01 
1.566326e+00 1.962559e+00 3.915725e-01 
2.374260e+00 5.563787e+00 2.558583e-01 
1.829608e+00 1.244125e+00 3.802496e-01 
2.421794e+00 2.650483e+00 3.536935e-01 
8.529750e-01 6.493088e-01 3.198225e-01 
1.692182e+00 4.680611e+00 4.952721e-01 
2.689520e+00 1.085460e+00 4.452057e-01 
9.925617e-01 5.687526e-01 3.056782e-01 
8.278781e-01 2.968158e+00 4.963162e-01 
1.388622e+00 6.134515e+00 3.304690e-01 
1.721846e+00 4.859381e+00 4.498702e-01 
7.256347e-01 4.448781e+00 4.787354e-01 
8.865304e-01 2.233016e+00 6.005859e-01 
1.406986e+00 4.946366e+00 4.999020e-01 
1.600110e+00 2.577782e+00 3.082029e-01 
# Exact (~1e-8) pressure tensor
3.387680e-01 -1.973303e-02 -3.211778e-05 
-1.973303e-02 3.084763e-01 1.235600e-02 
-3.211778e-05 1.235600e-02 3.527557e-01 
